----------
Conjunto atractor a)
Pasos M= 60
[0.53754838 0.78082156]
R 3.144 es distinto (delta= 0.003 )
	 [0.53754838 0.78082156]
	 [0.53618211 0.78188405]
----------
Conjunto atractor b)
Pasos M= 20
[0.37535253 0.50944618 0.82413747 0.87843636]
R 3.517 es distinto (delta= 0.002 )
	 [0.37535253 0.50944618 0.82413747 0.87843636]
	 [0.37443372 0.51050997 0.82379785 0.87886151]
----------
R 3.544 	 [0.36175989 0.36500359 0.51981889 0.52700095 0.818273   0.82141404
 0.88341624 0.88460796]
Pasos M= 20
R 3.545 	 [0.36006923 0.3662988  0.51667044 0.53038342 0.8168367  0.82287954
 0.88297742 0.88526483]
Pasos M= 20
R 3.546 	 [0.35861418 0.36749564 0.51370337 0.5332715  0.81561563 0.82424144
 0.8825746  0.88583412]
Pasos M= 20
R 3.5469999999999997 	 [0.35745534 0.3684103  0.51133618 0.53551682 0.81467857 0.82533068
 0.88227566 0.88629418]
Pasos M= 20
R 3.5479999999999996 	 [0.35647172 0.36914795 0.50935376 0.53738213 0.8139099  0.82625023
 0.88204194 0.88668958]
Pasos M= 20
R 3.5489999999999995 	 [0.35559752 0.3697755  0.5076091  0.53901131 0.81324598 0.82706457
 0.88184884 0.88704452]
Pasos M= 20
R 3.5499999999999994 	 [0.35480045 0.37032556 0.50603051 0.54047483 0.81265567 0.82780512
 0.88168435 0.8873709 ]
Pasos M= 20
R 3.5509999999999993 	 [0.35406177 0.37081688 0.50457711 0.54181346 0.81212092 0.82848992
 0.88154155 0.88767561]
Pasos M= 20
R 3.551999999999999 	 [0.35336938 0.37126157 0.50322259 0.54305351 0.81163009 0.82913063
 0.881416   0.88796311]
Pasos M= 20
R 3.552999999999999 	 [0.35271489 0.37166804 0.50194874 0.54421319 0.81117511 0.82973531
 0.88130457 0.88823651]
Pasos M= 20
R 3.553999999999999 	 [0.35209219 0.37204237 0.50074235 0.54530569 0.81075014 0.83030981
 0.88120504 0.88849804]
Pasos M= 20
R 3.554999999999999 	 [0.35149669 0.37238919 0.4995935  0.54634095 0.81035076 0.83085853
 0.8811157  0.88874941]
Pasos M= 20
R 3.5559999999999987 	 [0.35092482 0.37271206 0.49849446 0.54732669 0.80997356 0.8313849
 0.88103522 0.88899194]
Pasos M= 20
R 3.5569999999999986 	 [0.35037374 0.37301382 0.49743913 0.54826903 0.80961582 0.83189164
 0.88096255 0.88922667]
Pasos M= 20
R 3.5579999999999985 	 [0.34984113 0.3732968  0.49642254 0.54917291 0.80927534 0.83238093
 0.88089685 0.88945446]
Pasos M= 20
R 3.5589999999999984 	 [0.34932511 0.37356288 0.49544062 0.55004242 0.8089503  0.8328546
 0.8808374  0.88967602]
Pasos M= 20
R 3.5599999999999983 	 [0.34882409 0.37381367 0.49448996 0.55088096 0.8086392  0.83331416
 0.88078361 0.88989192]
Pasos M= 20
R 3.560999999999998 	 [0.34833672 0.37405047 0.49356755 0.55169138 0.80834077 0.83376085
 0.88073501 0.89010266]
Pasos M= 20
R 3.561999999999998 	 [0.34786246 0.37427303 0.49266693 0.55247474 0.80805454 0.8341945
 0.88069168 0.89030846]
Pasos M= 20
R 3.562999999999998 	 [0.34741288 0.37445138 0.4917104  0.55320313 0.80779328 0.83458837
 0.88066467 0.89050516]
Pasos M= 20
NO R 3.5649999999999977 	 [0.34574652 0.34748598 0.37243914 0.37683043 0.48597682 0.49535596
 0.55234307 0.55651216 0.8064239  0.80832622 0.83324113 0.83716631
 0.87986473 0.88148263 0.89054894 0.89117311]
